4.649443165996027361e+00
5.602781519067989713e+00
6.159215061984840034e+00
6.554010943570069081e+00
6.860238420000384529e+00
7.110444486485553384e+00
7.321990701446737582e+00
7.505240368070789536e+00
7.666878029401033245e+00
7.811467844501103208e+00
7.942265242264572755e+00
8.061673910986259628e+00
8.171519238055568124e+00
8.273220125947471359e+00
8.367901387416591064e+00
8.456469792571521538e+00
8.539667020719237556e+00
8.618107453901732384e+00
8.692305738502319912e+00
8.762697269001794353e+00
